<?xml version="1.0" standalone="no"?>
<!DOCTYPE svg PUBLIC "-//W3C//DTD SVG 20010904//EN"
 "http://www.w3.org/TR/2001/REC-SVG-20010904/DTD/svg10.dtd">
<svg version="1.0" xmlns="http://www.w3.org/2000/svg"
 width="516.000000pt" height="193.000000pt" viewBox="0 0 516.000000 193.000000"
 preserveAspectRatio="xMidYMid meet">

<g transform="translate(0.000000,193.000000) scale(0.100000,-0.100000)"
fill="#000000" stroke="none">
<path d="M500 1510 c-8 -5 -39 -17 -69 -25 -29 -9 -64 -27 -77 -41 -14 -13
-33 -24 -44 -24 -10 0 -50 -26 -88 -57 l-70 -58 -18 -89 c-13 -70 -14 -93 -5
-108 8 -14 9 -24 0 -39 -8 -16 -7 -42 6 -109 l17 -87 66 -56 c46 -40 74 -57
94 -57 18 0 28 -5 28 -15 0 -17 18 -27 108 -60 l70 -25 81 26 c52 17 88 35
100 50 10 13 28 24 39 24 20 0 50 20 117 79 41 36 46 49 61 168 5 35 3 57 -5
67 -8 10 -9 16 -1 21 13 8 13 48 -2 137 -7 43 -18 77 -27 82 -8 5 -33 26 -55
46 -49 45 -83 63 -101 56 -8 -3 -16 3 -20 13 -6 21 -29 34 -105 60 -30 10 -62
22 -70 25 -8 3 -22 1 -30 -4z m157 -82 c73 -27 155 -104 193 -181 139 -284
-128 -601 -430 -511 -71 21 -117 51 -173 113 -67 76 -90 143 -85 256 4 73 9
100 32 143 89 175 279 248 463 180z"/>
<path d="M580 1405 c0 -8 2 -15 4 -15 2 0 6 7 10 15 3 8 1 15 -4 15 -6 0 -10
-7 -10 -15z"/>
<path d="M416 1397 c3 -10 9 -15 12 -12 3 3 0 11 -7 18 -10 9 -11 8 -5 -6z"/>
<path d="M520 1406 c0 -2 7 -6 15 -10 8 -3 15 -1 15 4 0 6 -7 10 -15 10 -8 0
-15 -2 -15 -4z"/>
<path d="M634 1389 c0 -13 3 -15 13 -7 7 6 13 12 13 13 0 2 -6 5 -13 8 -7 3
-13 -3 -13 -14z"/>
<path d="M378 1382 c-3 -11 0 -19 7 -19 7 0 10 8 7 19 -2 10 -6 18 -7 18 -1 0
-5 -8 -7 -18z"/>
<path d="M667 1384 c-3 -3 -3 -13 0 -21 4 -11 8 -12 13 -3 6 9 13 9 26 2 11
-6 18 -13 17 -16 -2 -3 -1 -6 2 -6 3 0 6 3 7 8 2 10 -57 43 -65 36z"/>
<path d="M334 1369 c-3 -6 -1 -16 6 -22 10 -9 11 -9 5 2 -4 8 -2 17 6 22 9 6
10 9 2 9 -6 0 -15 -5 -19 -11z"/>
<path d="M515 1360 c8 -14 16 -54 18 -102 1 -16 6 -28 11 -28 4 0 6 -9 3 -20
-3 -11 -1 -20 4 -20 15 0 10 -37 -7 -55 -14 -13 -19 -14 -36 -3 -11 7 -19 18
-19 23 0 6 -7 14 -15 18 -22 12 -17 60 11 97 14 19 25 45 24 59 -1 23 -2 23
-9 -6 -4 -17 -17 -43 -29 -58 -11 -15 -21 -37 -21 -49 0 -13 -13 -30 -35 -43
-41 -27 -75 -88 -78 -141 -2 -31 1 -37 20 -40 17 -3 20 1 16 17 -3 12 -2 29 3
38 4 10 8 22 8 28 1 11 75 28 94 20 8 -3 21 0 28 6 11 9 18 8 29 -1 8 -6 19
-9 25 -5 5 3 30 3 53 0 38 -6 45 -11 55 -40 7 -18 10 -40 6 -49 -5 -12 0 -16
16 -16 21 0 22 3 18 51 -3 30 -14 62 -27 80 -22 30 -22 31 -4 52 18 22 18 22
-3 4 -20 -17 -23 -17 -53 0 -20 12 -31 26 -31 40 0 12 -11 34 -24 50 -14 16
-26 44 -28 63 -2 18 -9 36 -17 38 -9 3 -11 0 -6 -8z"/>
<path d="M292 1334 c-12 -8 -22 -21 -21 -27 0 -9 2 -8 6 1 2 6 10 9 15 6 7 -4
8 -2 4 4 -7 11 6 17 27 13 5 -1 6 3 2 9 -8 13 -6 13 -33 -6z"/>
<path d="M754 1309 c0 -13 3 -15 13 -7 7 6 13 12 13 13 0 2 -6 5 -13 8 -7 3
-13 -3 -13 -14z"/>
<path d="M734 1248 l-19 -23 23 19 c21 18 27 26 19 26 -2 0 -12 -10 -23 -22z"/>
<path d="M305 1240 c10 -11 20 -20 23 -20 3 0 -3 9 -13 20 -10 11 -20 20 -23
20 -3 0 3 -9 13 -20z"/>
<path d="M649 1193 c-13 -16 -12 -17 4 -4 9 7 17 15 17 17 0 8 -8 3 -21 -13z"/>
<path d="M704 1168 l-19 -23 23 19 c21 18 27 26 19 26 -2 0 -12 -10 -23 -22z"/>
<path d="M497 1065 c-15 -19 -27 -41 -27 -50 0 -35 93 -45 106 -11 3 8 -8 32
-24 54 l-28 40 -27 -33z"/>
<path d="M434 1055 c-12 -27 -14 -38 -5 -49 9 -11 9 -15 -1 -19 -7 -2 -1 -4
14 -3 23 1 26 4 21 24 -3 14 1 30 12 42 9 10 14 24 10 29 -12 21 -34 11 -51
-24z"/>
<path d="M565 1080 c-3 -5 2 -21 11 -36 14 -20 15 -30 6 -44 -13 -21 -19 -20
143 -24 93 -2 94 -2 8 1 -101 4 -102 4 -83 23 19 19 17 37 -6 78 0 1 -8 0 -17
-4 -14 -5 -15 -8 -2 -28 13 -20 13 -25 -1 -42 -15 -19 -15 -19 -6 0 18 36 -33
109 -53 76z"/>
<path d="M390 1050 c-10 -24 -10 -33 0 -45 19 -22 27 -18 27 13 -1 15 1 33 4
41 9 28 -19 21 -31 -9z"/>
<path d="M258 973 c28 -2 76 -2 105 0 28 2 5 3 -53 3 -58 0 -81 -1 -52 -3z"/>
<path d="M434 958 c-5 -7 -1 -9 9 -5 10 3 17 2 17 -3 0 -6 5 -10 10 -10 6 0
10 6 10 13 0 16 -37 20 -46 5z"/>
<path d="M490 960 c0 -17 36 -30 48 -18 19 19 14 28 -18 28 -16 0 -30 -4 -30
-10z"/>
<path d="M560 954 c0 -16 16 -19 25 -4 3 5 13 6 23 3 9 -3 14 -3 10 1 -12 14
-58 14 -58 0z"/>
<path d="M268 943 c28 -2 76 -2 105 0 28 2 5 3 -53 3 -58 0 -81 -1 -52 -3z"/>
<path d="M627 943 c-3 -5 27 -7 66 -5 122 4 136 9 35 10 -53 1 -99 -1 -101 -5z"/>
<path d="M245 910 c4 -6 70 -10 165 -10 95 0 161 4 165 10 4 7 -53 10 -165 10
-112 0 -169 -3 -165 -10z"/>
<path d="M597 908 c-8 -5 -5 -8 8 -9 11 -1 5 -4 -13 -8 -18 -3 -34 -10 -35
-16 -3 -16 60 -23 110 -12 27 5 62 9 80 8 18 0 35 4 39 10 5 8 -1 10 -18 7
-14 -3 -34 1 -44 9 -16 11 -12 12 28 7 28 -4 48 -2 52 5 8 12 -188 11 -207 -1z"/>
<path d="M264 881 c7 -11 276 -9 276 2 0 4 -63 7 -141 7 -81 0 -138 -4 -135
-9z"/>
<path d="M365 856 c-18 -13 -18 -14 3 -25 25 -13 96 -15 87 -2 -3 5 9 11 27
13 l33 4 -28 12 c-38 16 -99 15 -122 -2z"/>
<path d="M290 850 c0 -5 11 -10 25 -10 14 0 25 5 25 10 0 6 -11 10 -25 10 -14
0 -25 -4 -25 -10z"/>
<path d="M520 850 c0 -5 15 -10 33 -10 24 0 28 3 17 10 -20 13 -50 13 -50 0z"/>
<path d="M675 850 c-15 -6 -8 -9 27 -9 26 -1 50 4 53 9 8 12 -52 12 -80 0z"/>
<path d="M325 820 c3 -5 16 -10 28 -10 18 0 19 2 7 10 -20 13 -43 13 -35 0z"/>
<path d="M475 820 c-4 -6 38 -10 119 -10 77 0 126 4 126 10 0 6 -46 10 -119
10 -69 0 -122 -4 -126 -10z"/>
<path d="M375 790 c4 -6 63 -10 145 -10 82 0 141 4 145 10 4 6 -47 10 -145 10
-98 0 -149 -4 -145 -10z"/>
<path d="M483 758 c16 -10 74 -10 81 0 3 5 -17 8 -45 8 -28 0 -44 -3 -36 -8z"/>
<path d="M1301 1277 c-87 -192 -131 -287 -229 -491 -7 -14 60 2 79 20 9 8 38
62 64 119 l48 105 118 0 c113 0 118 -1 125 -22 4 -13 25 -60 46 -105 34 -72
44 -84 82 -102 40 -20 122 -29 114 -13 -35 67 -147 307 -229 489 -57 128 -106
232 -109 232 -3 0 -52 -104 -109 -232z m122 -93 c21 -47 36 -88 34 -90 -2 -3
-40 -4 -84 -2 l-80 3 40 88 c22 48 43 87 46 87 3 0 23 -39 44 -86z"/>
<path d="M1961 1182 c-63 -180 -122 -344 -133 -364 l-18 -38 22 0 c29 1 62 27
80 65 9 17 44 114 79 217 35 103 67 188 70 188 3 0 62 -117 130 -260 68 -143
127 -256 130 -252 4 4 58 121 120 260 62 138 115 252 118 252 3 0 37 -90 74
-199 38 -109 76 -209 84 -221 19 -27 71 -50 113 -50 35 0 35 -1 14 48 -23 55
-234 659 -234 672 0 5 -4 10 -10 10 -5 0 -10 -4 -10 -9 0 -18 -237 -533 -245
-533 -5 0 -64 119 -133 264 -68 145 -127 266 -131 270 -3 4 -58 -140 -120
-320z"/>
<path d="M4748 1504 c-3 -5 -71 -154 -151 -330 -81 -177 -156 -338 -168 -358
l-21 -36 25 0 c44 0 80 42 127 149 l45 101 115 0 116 0 49 -102 c29 -59 61
-110 76 -121 14 -10 51 -21 83 -24 l58 -6 -24 39 c-13 21 -89 181 -167 354
-165 362 -157 345 -163 334z m-15 -246 c3 -7 21 -48 41 -90 l35 -78 -88 0 -89
0 41 90 c42 90 50 101 60 78z"/>
<path d="M2960 1157 c0 -190 -3 -353 -7 -363 -6 -15 -1 -16 37 -11 81 11 79 2
87 355 l6 312 70 0 c123 0 180 -50 180 -159 0 -104 -40 -147 -152 -165 l-68
-11 108 -144 c60 -80 122 -153 138 -163 16 -10 53 -21 81 -25 l53 -6 -121 160
-121 161 46 17 c56 22 112 70 129 112 18 42 18 127 0 161 -18 34 -51 64 -96
88 -29 15 -64 19 -202 22 l-168 4 0 -345z"/>
<path d="M3674 1493 c-12 -2 -32 -15 -45 -29 l-24 -26 -3 -329 -3 -329 70 0
71 0 0 323 c0 177 3 339 6 360 6 36 6 37 -22 36 -16 -1 -39 -4 -50 -6z"/>
<path d="M3840 1494 c0 -11 23 -49 34 -56 6 -4 59 -8 119 -8 l107 0 0 -325 0
-325 75 0 75 0 0 325 0 325 108 0 c114 0 134 7 147 48 l6 22 -335 0 c-185 0
-336 -3 -336 -6z"/>
<path d="M74 785 c-6 -25 -6 -51 -2 -59 10 -18 57 -41 116 -56 32 -8 42 -15
38 -26 -4 -11 12 -23 58 -45 136 -64 353 -63 484 2 42 20 62 36 58 44 -3 10
15 20 59 35 96 32 108 45 100 103 -4 26 -9 47 -12 47 -3 0 -14 -11 -24 -24
-19 -24 -67 -46 -146 -66 -38 -10 -60 -30 -32 -30 15 0 -12 -25 -46 -42 -70
-36 -210 -48 -316 -28 -60 12 -121 40 -127 60 -3 8 0 10 8 5 8 -5 11 -3 8 6
-3 8 -31 21 -64 30 -78 22 -125 47 -131 70 -8 31 -18 22 -29 -26z m55 -41 c6
4 11 2 11 -3 0 -6 -11 -10 -24 -9 -16 2 -22 7 -18 16 4 10 7 11 12 2 4 -7 13
-9 19 -6z m824 2 c4 -11 1 -13 -10 -9 -12 5 -14 3 -8 -8 7 -12 5 -12 -6 -1
-12 11 -12 14 1 22 19 12 17 13 23 -4z m-43 -6 c0 -5 -2 -10 -4 -10 -3 0 -8 5
-11 10 -3 6 -1 10 4 10 6 0 11 -4 11 -10z m-740 -20 c0 -13 -5 -18 -14 -14 -8
3 -12 12 -9 20 8 21 23 17 23 -6z m716 -12 c-9 -5 -17 -8 -18 -7 -2 1 -13 -3
-25 -10 -19 -10 -23 -9 -23 4 0 9 5 13 10 10 6 -3 10 -1 10 6 0 8 4 8 15 -1
13 -10 15 -9 15 10 0 19 2 21 16 9 14 -11 14 -13 0 -21z m-692 7 c-4 -8 -8
-15 -10 -15 -2 0 -4 7 -4 15 0 8 4 15 10 15 5 0 7 -7 4 -15z m34 -30 c-9 -9
-30 14 -23 25 6 9 10 8 17 -4 6 -10 8 -19 6 -21z m78 -54 c11 9 14 9 14 0 0
-7 5 -9 10 -6 6 3 10 -1 10 -10 0 -13 -4 -14 -22 -4 -13 7 -25 12 -28 12 -3 0
-11 2 -18 4 -10 4 -10 8 0 21 11 13 13 13 16 -7 3 -18 6 -20 18 -10z m478 13
c6 -15 4 -15 -11 -3 -15 12 -16 12 -10 -5 6 -16 5 -17 -8 -6 -13 11 -13 15 -3
21 19 12 25 11 32 -7z m-57 -36 c-8 -4 -25 -10 -38 -12 -13 -3 -24 -5 -24 -6
0 -1 -10 -4 -22 -6 -76 -14 -86 -12 -76 11 7 19 23 19 23 0 0 -8 5 -15 11 -15
6 0 8 7 5 16 -5 14 -4 15 9 4 12 -10 15 -9 15 6 0 17 1 17 15 -2 12 -16 14
-16 15 -3 0 11 8 15 25 14 17 -2 25 2 25 12 0 13 3 13 16 2 13 -11 13 -14 1
-21z m-357 13 c0 -6 -4 -13 -10 -16 -5 -3 -10 1 -10 9 0 9 5 16 10 16 6 0 10
-4 10 -9z m74 -26 c4 -10 -1 -15 -16 -15 -17 0 -18 2 -8 15 7 8 14 15 15 15 2
0 5 -7 9 -15z m86 -16 c0 -3 -7 -6 -15 -6 -17 0 -17 0 -9 22 5 13 8 14 15 3 5
-7 9 -16 9 -19z m23 6 c-7 -21 -13 -19 -13 6 0 11 4 18 10 14 5 -3 7 -12 3
-20z"/>
<path d="M2000 681 c0 -4 -16 -44 -36 -87 l-37 -78 -27 77 c-31 87 -33 90 -53
85 -12 -2 -6 -26 26 -118 l41 -115 40 88 c22 48 43 87 47 87 3 0 24 -38 45
-84 22 -47 42 -82 45 -78 11 12 80 214 75 219 -7 7 -30 -43 -51 -107 l-18 -55
-41 87 c-36 77 -56 105 -56 79z"/>
<path d="M2236 609 c-61 -133 -67 -149 -58 -149 5 0 17 18 27 40 17 37 21 40
60 40 37 0 43 -3 58 -35 16 -33 42 -54 53 -42 3 2 -19 55 -48 118 l-53 113
-39 -85z m54 -36 c0 -7 -11 -13 -25 -13 -27 0 -31 10 -14 42 11 21 12 21 25 3
8 -10 14 -25 14 -32z"/>
<path d="M3326 589 c-61 -132 -60 -129 -49 -129 6 0 18 18 28 40 17 37 21 40
60 40 39 0 43 -3 60 -40 12 -26 25 -40 37 -40 10 0 18 3 17 8 0 4 -24 56 -52
116 l-52 109 -49 -104z m59 -6 c6 -20 3 -23 -25 -23 l-31 0 17 31 c16 32 27
30 39 -8z"/>
<path d="M4617 673 c-2 -10 -25 -62 -51 -115 -25 -54 -41 -98 -36 -98 5 0 19
18 30 40 19 37 24 40 61 40 36 0 41 -3 55 -35 12 -29 50 -60 62 -50 3 3 -106
235 -111 235 -3 0 -7 -8 -10 -17z m20 -83 c11 -29 10 -30 -18 -30 -33 0 -33 0
-17 35 15 32 21 32 35 -5z"/>
<path d="M4800 588 c-43 -128 -44 -132 -32 -124 6 3 20 37 33 74 12 37 24 71
27 76 3 6 25 -30 48 -80 l42 -89 38 83 c20 45 40 82 43 82 4 0 18 -33 32 -72
20 -55 31 -74 47 -76 21 -3 24 -15 -60 218 -4 11 -8 9 -16 -10 -5 -14 -24 -56
-42 -95 l-32 -70 -43 93 c-24 50 -45 92 -47 92 -2 0 -19 -46 -38 -102z"/>
<path d="M1071 672 c27 -69 104 -221 109 -215 8 8 100 211 100 219 0 19 -26
-19 -55 -83 -19 -42 -37 -74 -40 -72 -2 3 -21 39 -42 80 -24 46 -45 75 -57 77
-10 2 -17 0 -15 -6z"/>
<path d="M1330 570 c0 -89 3 -110 14 -110 12 0 15 22 18 110 3 99 1 110 -14
110 -16 0 -18 -12 -18 -110z"/>
<path d="M1437 662 c-18 -20 -22 -49 -9 -69 4 -6 32 -24 62 -40 61 -32 68 -43
44 -68 -13 -13 -29 -16 -61 -12 -24 2 -46 0 -49 -5 -3 -5 20 -8 57 -6 54 3 65
6 82 30 18 25 19 29 5 50 -9 13 -39 34 -67 47 -53 25 -64 48 -36 71 9 8 29 10
50 7 19 -3 37 -1 40 4 4 5 -17 9 -48 9 -40 0 -58 -5 -70 -18z"/>
<path d="M1620 570 c0 -87 3 -110 14 -110 17 0 26 22 26 66 l0 34 50 0 50 0 0
-45 c0 -34 5 -47 20 -55 19 -10 20 -8 20 105 0 106 -2 116 -17 113 -14 -2 -19
-15 -21 -51 l-3 -47 -50 0 -49 0 0 34 c0 44 -9 66 -26 66 -11 0 -14 -23 -14
-110z"/>
<path d="M2536 623 c14 -32 37 -84 51 -116 15 -32 29 -54 34 -50 12 13 100
215 96 219 -7 7 -22 -18 -53 -88 -16 -37 -32 -68 -35 -68 -3 0 -23 36 -43 80
-27 61 -41 80 -56 80 -19 0 -19 -2 6 -57z"/>
<path d="M2777 673 c-4 -3 -7 -53 -7 -110 0 -91 2 -103 18 -103 15 0 17 12 17
110 0 103 -6 126 -28 103z"/>
<path d="M2870 570 l0 -110 61 0 c54 0 64 3 90 29 25 25 29 37 29 81 0 44 -4
56 -29 81 -26 26 -36 29 -90 29 l-61 0 0 -110z m113 80 c52 -41 40 -161 -17
-176 -56 -14 -61 -6 -63 91 -1 49 1 93 3 97 9 15 51 8 77 -12z"/>
<path d="M3105 625 c41 -51 45 -60 45 -110 0 -46 3 -55 18 -55 14 0 17 10 18
58 0 51 5 64 37 107 21 26 35 51 31 54 -5 6 -27 -18 -61 -64 -14 -19 -15 -19
-51 23 -23 27 -45 42 -60 42 -20 0 -19 -4 23 -55z"/>
<path d="M3515 570 c0 -98 2 -110 18 -110 14 0 17 9 17 50 l0 50 40 0 c47 0
80 27 80 64 0 36 -35 56 -100 56 l-55 0 0 -110z m103 88 c7 -7 12 -24 12 -38
0 -34 -17 -50 -52 -50 -27 0 -28 2 -28 50 0 48 1 50 28 50 15 0 33 -5 40 -12z"/>
<path d="M3710 570 l0 -110 73 2 c62 1 65 2 20 5 l-53 4 0 45 0 44 40 0 c22 0
40 5 40 10 0 6 -18 10 -40 10 l-40 0 0 40 0 40 44 0 c25 0 48 5 51 10 4 6 -20
10 -64 10 l-71 0 0 -110z"/>
<path d="M3900 570 l0 -110 73 2 c62 1 65 2 20 5 l-53 4 0 45 0 44 40 0 c22 0
40 5 40 10 0 6 -18 10 -40 10 l-40 0 0 40 0 40 43 0 c23 0 49 5 57 10 10 7 -9
10 -62 10 l-78 0 0 -110z"/>
<path d="M4076 669 c4 -7 21 -9 40 -6 l34 6 0 -105 c0 -97 1 -104 20 -104 18
0 20 8 22 102 l3 103 36 -3 c21 -2 40 1 44 7 4 8 -27 11 -100 11 -75 0 -104
-3 -99 -11z"/>
<path d="M4310 570 c0 -91 3 -110 15 -110 11 0 15 12 15 50 l0 50 55 0 55 0 0
-45 c0 -34 5 -47 20 -55 19 -10 20 -8 20 105 0 106 -2 116 -17 113 -14 -2 -19
-15 -21 -51 l-3 -47 -55 0 -54 0 0 50 c0 38 -4 50 -15 50 -12 0 -15 -19 -15
-110z"/>
<path d="M70 501 c0 -6 8 -8 18 -4 15 6 15 4 -2 -16 -19 -21 -19 -21 -1 -15
11 4 16 3 12 -2 -3 -5 3 -10 14 -10 13 0 19 7 19 23 0 21 5 23 43 22 23 -1 34
-3 25 -6 -10 -2 -18 -8 -18 -13 0 -4 9 -6 20 -3 11 3 20 9 20 14 0 22 19 6 23
-18 l4 -28 2 28 c1 23 5 27 31 27 31 0 39 -17 20 -36 -7 -7 -6 -11 5 -11 9 0
15 9 15 24 0 33 28 29 33 -4 l4 -28 2 28 c1 22 6 27 26 27 14 0 25 -4 25 -10
0 -5 -9 -10 -21 -10 -11 0 -17 -5 -14 -10 4 -6 11 -7 17 -4 6 4 14 1 18 -6 5
-7 9 0 12 19 l5 31 -154 0 c-127 0 -153 -2 -153 -14 0 -8 -4 -17 -9 -20 -5 -3
-8 2 -7 11 0 10 -7 19 -16 21 -10 2 -18 -1 -18 -7z"/>
<path d="M498 503 c18 -2 30 -8 27 -13 -3 -5 -12 -7 -19 -4 -8 3 -17 0 -22 -7
-5 -8 -3 -10 6 -4 7 4 16 2 21 -6 6 -10 9 -11 9 -1 0 6 5 12 11 12 6 0 8 -7 5
-16 -3 -9 -2 -12 5 -9 5 4 7 16 3 27 -5 17 -3 20 10 15 9 -4 16 -2 16 3 0 6
-24 9 -52 8 -37 -1 -43 -2 -20 -5z"/>
<path d="M580 501 c0 -5 -3 -17 -7 -27 -5 -14 -3 -16 12 -10 11 4 22 2 27 -6
5 -9 8 -4 8 15 0 23 4 27 28 26 16 -1 20 -3 10 -6 -10 -2 -18 -12 -17 -21 0
-11 2 -12 6 -4 7 17 23 15 23 -3 0 -8 5 -15 10 -15 6 0 10 14 10 30 0 30 -1
30 -55 30 -30 0 -55 -4 -55 -9z m30 -11 c0 -5 -4 -10 -10 -10 -5 0 -10 5 -10
10 0 6 5 10 10 10 6 0 10 -4 10 -10z"/>
<path d="M765 502 c26 -4 28 -5 10 -12 -16 -7 -17 -9 -3 -9 9 -1 19 -9 21 -18
3 -11 5 -7 6 10 1 16 7 27 15 27 8 0 17 -12 19 -27 l4 -28 2 28 c1 22 6 27 26
27 14 0 25 -4 25 -10 0 -5 -9 -10 -21 -10 -11 0 -17 -5 -14 -10 4 -6 11 -7 17
-4 6 4 14 0 19 -7 6 -10 9 -6 9 14 0 15 5 27 10 27 6 0 10 -9 10 -21 0 -14 5
-19 14 -16 7 3 18 1 24 -5 6 -6 11 1 14 21 l5 31 -121 -1 c-67 -1 -107 -4 -91
-7z m195 -12 c0 -5 -7 -10 -15 -10 -8 0 -15 5 -15 10 0 6 7 10 15 10 8 0 15
-4 15 -10z"/>
<path d="M270 480 c0 -5 7 -7 15 -4 8 4 15 8 15 10 0 2 -7 4 -15 4 -8 0 -15
-4 -15 -10z"/>
<path d="M761 461 c-8 -6 -9 -11 -3 -15 6 -3 14 -1 17 5 9 14 2 20 -14 10z"/>
<path d="M207 454 c-4 -4 -7 -14 -7 -23 0 -11 3 -12 11 -4 6 6 10 16 7 23 -2
6 -7 8 -11 4z"/>
<path d="M160 440 c8 -5 20 -10 25 -10 6 0 3 5 -5 10 -8 5 -19 10 -25 10 -5 0
-3 -5 5 -10z"/>
</g>
</svg>
